45116981602
216809456059
136821913058292
305193602857527
189453707732688
281354168558433
222306111183090
119522371400564
207753099275251
104812910708
187231417999206
219071401449710
128870127136405
167458199935729
139991389381464
141532092631689
143701085667239
141833549217043
103360316369998
184032194375
169501886319
128349963861242
125316024189379
121647074695
68543632149
108086992548873
118007541565418
170743252937350
162995207053788
138608306186297
101087559938967
169746602056
107083591923
82495356265
161816283843451
160780323956490
164721003545839
127964410564734
138733936163851
111573048866406
128435833850764
179205968784723
173271252716317
134777373238705
204797745292
347597550108
178460535504190
163247640377874
167337389949234
137354506319501
169151469773250
123164307719129
213081135371623
167363179947018
168261499861606
400553524936
106688396045547
156186594420910
189868161477
153758734660714
144170859358
110346367557
107061182699123
119995467603
124706246183
120329044664749
172155729464302
351773735096
141181602597332
129493957070047
115509985137448
155942514992
117486184982368
301421478955
151206678076
175195982504097
115943638424580
151247827765
154230851290293
101985717955
166899613348812
162220392848
136633490551
343609003289
181064671908976
126925543990985
147601931951798
124050077658557
320774711537
334325205493
163691340332144
157860777578672
122461465788
180879478834
168153759865672
162225740472026
103106956427010
88830298880
83486736568
146882742269
108178732539348
149068721808314
112390632112777
132965043383417
117743288260734
119493451414057
181856653930
186457103606
169188666434197
167004836644000
156595207710211
103712546333017
297967130467
166588656711632
108664075834053
177739822249965
141962575853867
154045331299569
142450875765078
134708039911866
119518568068959
184926964858185
116705925006723
208799699327
164440563594363
102140987718
130627213631216
164489083585337
121166794370
175223885840289
170821252938232
166238100062556
171854871494
181992597781
117019411664148
117210861645252
133323776720012
149924611718243
82991127915
134700436587572
124105194317354
112650535428405
108604452506550
184237928275779
203911087291
160419473995430
141302397047
103702276333348
159625364058550
117173754983564
108763065816247
103363869701808
321597984048
168361899848063
154074624631879
159537484079609
179423092069637
188786917343
173112236043665
332456915181
100337546703558
223379661039
115297005173573
169622226401824
153988527971996
171349496229972
107842342228
173531199346942
137438776311044
161319577238391
164944213525028
94662275771
125250510862442
145985452112785
124857874236503
121350937923076
127219007301030
297970456020
137657022920176
167463996599559
133883469958906
132479249027
149312081800686
178695668889802
295454397167874
152799441504705
252806551458883
253402661344255
194779190562880
8896644908
251910478210927
123471394393222
165013796896
194968000513826
125187578005
120578304690322
105108459560429
119632738120139
200043650037820
197435250266575
248302031917290
329262860438866
6308333870
168452583170535
126530890750233
179814358721796
100887831986
108782225844187
286565801397152
67341283611
7303343452
137390879671087
349822883226
188501728567
126461324755
181771888529162
106615976036120
205301966196978
216613465096120
337531476286834
350422531650090
239058169447083
204608499602218
241945375883430
159719754056046
123775631010049
166268443388584
300028716163
159346544135244
123036934401697
187508671298241
161718543856267
155906554495058
373697500639
177479592266615
144221085645877
265885630150059
261624550535239
151780258206523
178139882201920
358929667466966
247107778661082
109289762415960
219881791369709
121267574597950
313222658724835
74114242376
63607310949
145541465470039
61035358795
357365774114
178945778862632
157896454275608
202117566520303
117374648370413
218950424819769
181271128630305
124565850936738
21025841950
285169218205905
256099111080049
177624808979370
303787336336885
364774766883012
224478894312324
207248259372345
361631663848599
343766498991508
346612788702538
164362667011029
293341775182
20627125341
204672872928556
250329958346320
319004258128197
202336769829300
175071995881099
188895041183174
190283407649050
187154914639506
198704126865575
289261664427257
165593120219931
223044521087151
265455336858835
113768368729817
176006239154653
185912104760310
279918898701018
141274399276876
135778609804837
165800449903
116793775015077
259753044055028
329120833785010
213438831682
160413293977561
141561483574
175012139227319
143664619012996
192420697453042
228842403797181
101841743229244
236225048128
104472972986333
166540216731339
169431739773141
236140533089351
209271909086289
139283196099897
276622252371513
144636122268991
106441532718216
111468305755
159591208200
162931903748250
21880241712
122605524495803
118922768185427
57220203874
156381767782870
353986004619280
169308463169541
354683487886967
157532871002315
242684569147028
106650356031899
280368801976939
214008578672833
113664065330755
115818265130485
145217861749
196112037109264
253802024333
212865902085181
160484413970585
183829938312357
372215976124201
230897503671127
143883835633978
212735689007
113212458707864
336364069715888
201981896534846
97427310237
311571412105
139898289382932
247288135289033
129477563809733
266076833441902
274673734476
135971216464795
210723009440
222386047809637
254931377898487
142856959121523
307357849323085
162722087096535
152387201448457
113295372085388
317867454907493
120980734590719
194976940520672
113561292051521
256384987757791
147384458624178
121835074498090
370229272990631
220650348026932
127831220645220
247918951936149
198448159093
189424081079670
371399542875112
145681065525767
140487612736756
235512113195901
300154980032953
114379321956482
120489968022214
286387814750812
175051015853248
329960706391
137770052972164
228133173925364
168512386518333
45139333300
161619047238060
72896347699
148661555144482
102146699909426
183998858328519
189126087806447
113313815419169
122868201151837
151640158211777
124797580874185
299491260094257
255412264476192
141582789219185
180900911953743
169550569742488
331701103536909
68874909976
198812973488594
93095473316
172673219455629
132937776561
172390534465
120931394613507
153825757964970
130615256953799
312992730889
142693775742118
213069036550
189843404406629
227986923957342
122528567775288
184029501683974
299883633391698
23283862242
255412264476192
263465237005359
322948881083993
102863223091742
385311041413
169630946398635
135410806488468
172860092826814
214471505312055
141929772541738
358908710806523
188540977920879
262434503835486
306537376075736
201911483249214
256455201103137
221591311190274
162654480484017
111910008863439
134939739881588
147272895385721
163911447039327
165651266882418
118193004973713
174838459299127
143371882435972
8896644908
108503729218510
299777913375909
148403348593703
140785585990521
139075619485621
87664980702
198532603295
126513550722810
126217610742247
108765019173595
114728481916128
113586998663011
180731618647426
88065206738
319808051364427
127048060723085
137390879671087
155599871117156
139090966156584
140170612677799
128293387213762
177021808976207
165029688781
113919193515
164835706965274
120666038012627
359078577460432
251416954926605
365747853439020
366478316700420
254958211242855
288699901186755
288303132934
107469632645362
171977279499333
118532828180127
126071697424001
123710127712164
248167705207024
216179371735610
312426288773819
221423044613818
148174211927401
275991782437691
196395947074785
150770331620498
259007627479818
127561250624718
140988045932863
131314740236136
178152282220197
126421600744650
175738219117500
101583499940295
179709275456563
154209931288828
221147964612713
10114144851
284396924956812
239771479443201
114796501980224
198227990221322
299399883446595
145291872181237
120812117267
163327684807
164608851927
162730041120
102355976523325
125989808828
121527793219
320771647948378
179995481217
160474275975
187273954632674
194764072095
128219520532583
112264525496796
132910786719108
337418942718
113987711967
151598534907874
136582173031631
105198632894563
122959744418824
133461983429937
145143367357
280551334787
251404072550
138550316194344
159035550852689
176250202461713
244468075603032
103256469716088
149854760801
138311156188297
114658645278662
168653019853783
6322763390
246101668808703
105911626190906
112997518737282
143048475812919
192251487486521
160397527357736
131786100211721
355436084472592
193526507211
143586109089540
273711466630
184334131602687
249731335112672
276845142357834
171620689558580
177168135675232
192567677449426
249559808437245
171475242870953
178050015640247
119427361468175
125168050877331
145994785450684
187407797952928
16822539718
113402162062038
206747346048746
172276656104
370443115399
143501397823
275680482499927
224577157561327
181137012002233
208854949186732
252811101430384
236962973008499
124249630820
349813828374948
328212593870462
159487790827239
272410382831155
359846634037858
194862790551977
275101152543590
145610742220163
251175921620672
323369921030775
327319570624905
116574778380354
361832737189963
316564675032061
146653292327
113231985442492
182494551767573
166573543409088
171324679650793
165377963508955
133327746684637
348702165140596
231809706871226
116001391818501
110488492319755
159065127516801
221238547902192
181355328588331
138151669567015
293491437386711
155920131625
130071767046278
201071816597437
165220596865853
335296263672
113990291998211
141899402493399
235175669907146
166240016351
118344801538020
139495542758097
159844864062607
265391363475922
215141328540516
173442766026542
182733065153241
182176295168210
208056669256993
177654302276082
165063276906554
219723104709074
251909861542994
246841602026768
193418544035665
165435423535877
181605321889155
172635759424478
204655286219179
195079613868132
110766439007632
137805729626576
110382019042569
135931049797928
219677218047293
123110821098944
197366716965156
279256382137649
197034553671663
100114930088706
197738106918455
113917242056838
241649341706
16605562318
156588817747237
116638131679603
150433454969138
150433454969138
156588817747237
116638131679603
137511156314753
228835853817029
116466875064242
100651983367165
171350166246940
279312292128109
126976510690183
173704146972
298594563536133
250764721619316
150046224657
157092145950
124434282199
143368425687193
153056799885
128391862358
129608608187
193070670732451
192926730808757
136615513065797
216008795115600
206721906088721
171629449542296
177242582313986
194006203968122
162931283790833
172106749544870
184746924875251
130878860278754
141535286981
170600789325
142039439163303
110097359006172
198206616861753
345463602161853
102534786448865
118508464849111
236673346363902
196665723700446
189844194399179
166552446723975
177499402286838
173994015976482
158880624164107
179339905437763
137065696356559
149647101757173
159319764120445
140828815977988
148759195178354
188834094469725
197779246902215
129723277094250
173917199317725
172033686175273
184328681589108
215449065153627
188545407842299
193632240662507
178269825556966
192801034079671
165524070159833
170547059673087
183426581690729
195472543799118
211104225581388
160356357348486
159365730782186
140967919297117
195567137124623
127150680693413
167368093309496
139088996178140
159405107442227
172929492750280
105424979527567
223832200977511
194043490608633
176289379087442
178051422232688
189714254390861
121026417970007
57500612817
127731977317733
253767121374512
134092213349134
170716993040020
232156840168594
339991912679139
397429366949668
331367666915586
304185845112
5588828700
127339566654
190783517626164
148036149887
116308548413643
117690351636834
86523883203
109811032376300
135391583139390
102344164717
253251694739522
221202444624896
130952823651926
157582060966231
156428544406721
100285370058303
113747648480
213622631718
229462017066786
138247529540082
107314619361004
244336538934748
111742658937888
137035626320425
134422103302770
332201936802841
145868548766528
107227962666925
145250538841025
152117878133311
147005531991196
147649635277345
114488905298473
205515989496742
143627635670832
132036196841493
145342358819591
125487707534802
140423279326369
144011505629702
198746100137290
318680958169707
140193359435134
182126475225109
115839442741
149592041809785
171550486293146
143553645732101
123846974318644
243504409026883
176129265820271
144448765662563
131716936955070
207511676023723
137663712995821
180876028681446
184122278278797
375966869090271
176267015825667
373676125999259
353503778022450
253585174733222
377713295586248
293920374011494
396259437070486
165133380273461
415116668502590
116419098488314
194184047358925
274085892602344
137384939673738
100446910022979
194826500528964
102863223091742
169630946398635
176320315778048
239569229428097
149968868357701
227370443968086
9763142436
282536618472268
62098847788
92040684078
67160867816
36676377185
139105136157397
153221971435212
130145683695555
239181742761233
153372011432970
299857110061975
205880769460468
104095415053
215370015171555
366684416584
121930497861753
39954668152
359695247381880
317391358308678
45317727814
354658004566407
258420187541321
175673849922
153632746935
137536232990705
331100306905857
120385424681374
153066891392033
148673055178148
154260677929
140859289266272
163422953667944
130471667002034
136992796347022
251192741567510
157432834298702
161688053882836
211204802250645
130079453708558
60570861065
233874033333910
157141397643392
110423632380066
132149656839819
215586028471763
136745506363005
99590569783
154366554597439
114633041971485
214433921913992
113152682079774
163879886961975
27838418705
324831924208204
53975467164
156731007680619
295221653828561
141992932511735
141956212516243
261793710441
113708772023302
159121877446771
357177210624
197314186975128
152578658115230
180628085286915
278440748896446
176890145693577
139022856144263
138220132891011
152725298119449
52706804754
199905936698317
156216731074563
119190374789095
37843287939
169955113028018
116685751722330
147300605311363
139653579418663
190988744249070
256267587748962
167213639977642
194678220561562
162114223838064
216640281718417
175598889173023
227635917324550
334916419876642
356904320986771
258255917523145
112916662096797
211434512229873
166614556703244
388200727870713
127731977317733
262053972753
193119604084364
164660666883016
103338696376358
174140699353429
293100884075690
139242132844671
418378938177193
188975037783903
116645645106513
141399772632129
349887711717383
386971431314028
149124698530938
483153465610
206770072673154
175246932522146
186787701357079
198701443490821
144382988959419
133380403397748
138658182868305
182216375154365
166990830019797
183049281738316
114199978658150
196766837008254
101041549977877
84221166375
101794886562585
120160971403299
191264400924467
215774088457191
212952852078753
211674528925135
130177613727866
309107999114376
173061886121968
239747922754158
144942692217982
338717472840422
241936485889299
154129977961253
392201640792368
114352425263872
132080470196691
149843935058762
183329041722092
154644401260236
206088909460360
364327513612431
128678797192228
109560859092968
266699756322
131925593563201
206059982771528
204275796351
184864041569716
243071062371331
215613965142372
142324995888568
120025261453238
236621193085714
146709175446971
248596261888998
310772628977798
313036795425142
373721422655314
156865404391923
378550912168828
190998421625
98352830843
130411336991436
317217590943
107290605972487
394575017222842
139741039409367
166401393406355
196649783714218
303801232974227
161694790544255
8127176637
165147113592379
138681569535325
145394522187114
187776757977879
120434684670912
145449785478987
164378736906787
154981144536136
112699625457196
69444980478
93423995371
109188725802447
41974027538
413425322005961
117808994918036
131930253562701
248054858615796
317774188237051
123504667706974
174424289341
119314224763738
158337907606468
153751641359234
140053666065074
191047347668590
154549267892751
324603144259369
101301433244850
144536512329378
117104971726986
227255280657065
207257975965877
252806188140374
109719735779074
229025063777855
180996551931216
151296391614946
305068892877213
351966764839584
147810685235664
113221472052514
308381914043
199682590067585
129632597062144
320561908350
198315080232026
165845863469846
165145603544994
133819889968238
150735091634271
162313797140504
205936356095478
10758186868
104261712958013
190856340962107
226404410706523
246456482099991
254938227170
164032663664754
210927092197
135497733194329
107975065957135
210759985633998
132164670138106
147171065297353
181961271865096
154713477928170
113327242053212
108447605924706
137149736317890
136067176412691
164873120241027
135259603167119
236333809719530
114010308650935
227268117327353
162822317084928
204362712932986
204393661493
170338756351310
227224262186
125445744230385
112858295428625
308915155787398
164151616955287
155049487893448
100866096627150
269193283846
329341520779
213946388630460
124862140910107
131622866912294
164503743622851
337006450269
224914968944
173587032695824
100676653319169
153435428013536
261195497230173
111836285559144
161226257249801
108153132605807
130397983702850
121670897941573
222331601125704
109685032439831
178176015530777
180535211996044
164398893611572
268762169848626
204650156237699
142843885742752
158842890844480
135954326445201
176841992363263
200453506646810
213965648636727
209222752433020
206176166109320
180169172087311
309652854175
106782989373117
107858842565925
157526391031136
151698281536479
155449861152640
126062054078699
110611002294804
139892457701
295093110560162
195144007200071
232904653414938
111757898887248
149666405149686
242549455831788
326236220762464
278396022224390
186751684748937
304644639593789
145806502142943
104949759577108
280043172055111
162796593812569
259653807427031
96693290576
312215635508234
332582833431192
226651620746109
118372904881555
222494581585
19973233436
125315987548634
212008005485116
128897693843733
194472427235568
136743453026332
140338952747178
295094487184155
334064546643591
180201355421550
227255280657065
307747109266585
119241991454230
168788079839251
178936308849325
106802096084611
325375307502323
145438332179127
173565679322516
106980310231
129824915149
53566277714
324337837597634
64702200909
117146581708242
157060791031852
112669398792214
142645825861422
171452829554384
249577301800672
151655701543770
220549611324193
167163363324452
370667432973585
201993673158273
332928556719470
52435371330
110947855678825
367735616581301
136127059798945
291021370923682
175369535812117
136127059798945
429911657024512
339659976079920
157770507641459
171072442950442
67303322278
47765033316
100154316782708
256703557748185
113504295350426
189578057793739
126963587405355
131050216908466
112963302097394
27267933178
64833259561
7877857618
194587718094
130807320360633
210288149066461
274970242540097
49986098147
89495296656
170299129753267
109684692387767
132689356754816
125473577471176
183906388308062
122379760872
246126408767650
131056990304337
205536849510424
121754981195595
136387226380908
122379760872
160478207305365
161868485834
161894529735
161958553845985
327422547322026
278796318870192
248135891948447
377574825606438
350087571704257
163108780368851
313928878674850
162698700413396
155174327837964
245122988843375
368212068649
276845142357834
237429876298552
272676379474666
116001391818501
231809706871226
141304065982594
55339206496
116479241742738
204439029607533
326158494346
165178323592665
124175490975673
106199789463985
156170547729306
374345672584001
317342954964461
115782648434803
241701892540072
245155008906143
192387557544741
308332419236924
424056340954900
241811765918056
113374335462985
131847740172953
409664242382402
217916214941415
161970203871753
148086375243678
384672998219471
200527723306821
125212684181667
122616271125265
364437676923044
155945191123721
152297701498769
185320268187672
11818069131
317391988337
347333918650108
174057899308793
9057059958
160941497290592
162012387163900
355630694472456
132378750176283
289624955964
114563398632941
234319816586212
142352032468779
110937332313871
219729244755128
326883974033661
107563716009432
241003149332019
183137125107855
122690614424141
367704596597773
111036182363752
95493159029
160860773969033
323112691065332
165136260226484
142590359123621
140359252707879
218879148145595
204901569622608
353398471372015
173163976136682
216586288446266
130399727042751
206662516017531
151184554940446
141304065982594
185665058132648
177454288962333
180566195379603
173121002733169
305342742860357
297149810345889
364313886921204
255673377842996
393790147393
145849592149088
128929870514589
310846912294823
372699576073900
297158680344318
176467519061388
289842291030161
136875489757562
212767248755273
243431599031525
276286582440195
324663307557050
170147583097482
273258972746535
179406835501421
178571998912964
226300174129706
176756542373127
300876149966160
153606001352600
306566882731731
383597231656623
352503254782452
293264067402634
325606564158312
208698382522462
228518560574138
312504585464083
112968478829032
335272589838086
239729346114535
316175975083647
22817794113
250498918347180
186668248086003
331406736898187
320080841381990
187891771259726
116753185107948
134065219963981
266589290028786
250221471670984
141304065982594
324663307557050
144839165628898
333765769998373
373757179310360
112133935490380
148514765246700
23261097198
111714625523633
137758532925765
138531772877718
106726782701553
373458506929
117856684901458
324874987559317
382760461745436
388927647807568
207495489361401
260243900678591
265181896907282
203338726445043
400364493315265
265118070246910
149677823190
253204834749214
157494497607835
322528794452172
259438580796535
305409077536
112626262175132
207514329283734
228775963828916
198427506856330
275812185823978
129284577119117
319603384732017
199240723512394
118112978228857
231809706871226
116001391818501
80523114478
202240799811207
263743067023412
215198838503274
291600007520320
236527089727058
203432176343499
270735659656266
192908370730774
282644275098550
175318812567841
342858815754577
179883845393854
239348816080959
132696096757702
148456366293
124340002105
139568679460119
155266391171127
158633935946
237600856288469
213094625455204
171139149671402
312388768777696
121696731238374
227992243885000
231145626981951
398912223471036
309742262408823
405930709434901
120037001374081
193592464042756
345346008830796
277047541809
344437702257670
146294512081429
152197194034
151180364982137
199486326825959
222462887826031
254180691344965
149150781819584
187367784673334
196946287046790
15147474459
149150781819584
282197415147957
179255138860986
162455357184140
292528220763585
231668573584492
174028585979625
102682221516
354813444703
362895203724016
188404917861017
143094422484925
272173482867709
373434246010051
219234055231
302509836485827
107093975998372
259239934145267
192281637557642
96677730052
152507878155068
206389422705018
195244533820689
273247509431160
205274429567498
326936820649674
189863601125519
153113718133634
192260574179318
185671931507149
413438385336881
197880951799
179203575506271
337294309663554
150312925065096
123881614393822
104902984368
196704393676307
162810883761148
248447438533156
283428708399781
191746327546040
214399445263736
339107769443572
297729680246219
227861680610082
110403772397864
205468319567296
152518934874641
163780590370121
279110325504415
189965964456297
5694783889
128477525678
206168592786895
123881614393822
145528205508875
411571878859805
140101036055403
9860042785
170973506281114
254709107937148
222018704528411
112691104228
106499369385048
250453365034423
236502029740302
209173139099692
345978455458350
128546557221530
233477540031642
135642716508987
159797287395545
153551788057788
326699398709
250390171693762
317229755009545
148750255188054
149570505060117
177283209053692
152873984726370
136916409680865
108153642508
245617074250
281692137424
286393618048418
210332829049719
211331805599731
292528220763585
179255138860986
223056207801097
282644275098550
121793787844817
111162122254143
116564980459
162443773856859
207799122644830
282094755193836
137273896395174
248979845297
166524393453968
219939461351371
177993968972368
116121971781344
168228513227052
205348389475342
279323502136888
231828093528818
208144382628853
251940519606
