183252442
167834679932763
160905487
129593650391583
133671028
148803797
155178774539949
29539690277
148787214
109530267
103363203045136
120347748034526
148805573
125201060837520
104468961
104247962952778
113362569
124486157574173
113392501
140537462644699
113671216
115422604
132966425
133671725
113388332
132930496
117075881667990
113389436
297913372566
148808112
126455695
149608268413913
115094342
113390357
148838465
204421278
132987049
115418686
132992920
115075077
115072526
101842268
148840846
211846925
113392088
132910962
130786289
162013644203
115420547
120202494667809
113422491
84041171560
115430554
114412356
85868225046
205683286
203116446
113668123
132458283463442
115133698
149840201726629
149279075100707
115116867
